2147483644
2147483648
2147483648
2147483648
2147483648
2147483648
2147483648
2147483648
2147483648
2147483648
2147483648
2147483652
2147483652
2147483656
2147483656
2147483660
2147483660
2147483664
2147483664
2147483664
2147483664
2147483664
2147483664
2147483664
2147483664
2147483664
2147483664
2147483668
2147483668
2147483672
2147483672
2147483676
2147483676
2147483680
2147483680
2147483680
2147483680
2147483680
2147483680
2147483680
2147483680
2147483680
2147483680
2147483684
2147483684
2147483688
2147483688
2147483688
2147483688
2147483688
2147483688
2147483692
2147483692
2147483692
2147483692
2147483692
2147483692
2147483696
2147483696
2147483696
2147483696
2147483696
2147483696
2147483696
2147483696
2147483696
2147483696
2147483700
2147483700
2147483704
2147483704
2147483708
2147483708
2147483712
2147483712
2147483712
2147483712
2147483712
2147483712
2147483712
2147483712
2147483712
2147483712
2147483716
2147483716
2147483720
2147483720
2147483724
2147483724
2147483728
2147483728
2147483728
2147483728
2147483728
2147483728
2147483728
2147483728
2147483728
2147483728
2147483732
2147483732
2147483736
2147483736
2147483740
2147483740
2147483744
2147483744
2147483744
2147483744
2147483744
2147483744
2147483744
2147483744
2147483744
2147483744
2147483748
2147483748
2147483752
2147483752
2147483756
2147483756
2147483760
2147483760
2147483760
2147483760
2147483760
2147483760
2147483760
2147483760
2147483760
2147483760
2147483764
2147483764
2147483768
2147483768
2147483772
2147483772
2147483776
2147483776
2147483776
2147483776
2147483776
2147483776
2147483776
2147483776
2147483776
2147483776
2147483780
2147483780
2147483784
2147483784
2147483788
2147483788
2147483792
2147483792
2147483792
2147483792
2147483792
2147483792
2147483792
2147483792
2147483792
2147483792
2147483796
2147483796
2147483800
2147483800
2147483804
2147483804
2147483808
2147483808
2147483808
2147483808
2147483808
2147483808
2147483808
2147483808
2147483808
2147483808
2147483812
2147483812
2147483816
2147483816
2147483820
2147483820
2147483824
2147483824
2147483824
2147483824
2147483824
2147483824
2147483824
2147483824
2147483824
2147483824
2147483828
2147483828
2147483832
2147483832
2147483836
2147483836
2147483840
2147483840
2147483840
2147483840
2147483840
2147483840
2147483840
2147483840
2147483840
2147483840
2147483844
2147483844
2147483848
2147483848
2147483852
2147483852
2147483856
2147483856
2147483856
2147483856
2147483856
2147483856
2147483856
2147483856
2147483856
2147483856
2147483860
2147483860
2147483864
2147483864
2147483868
2147483868
2147483872
2147483872
2147483872
2147483872
2147483872
2147483872
2147483872
2147483872
2147483872
2147483872
2147483876
2147483876
2147483880
2147483880
2147483884
2147483884
2147483888
2147483888
2147483888
2147483888
2147483888
2147483888
2147483888
2147483888
2147483888
2147483888
2147483892
2147483892
2147483896
2147483896
2147483900
2147483900
2147483904
2147483904
2147483904
2147483904
2147483904
2147483904
2147483904
2147483904
2147483904
2147483904
2147483908
2147483908
2147483912
2147483912
2147483916
2147483916
2147483920
2147483920
2147483920
2147483920
2147483920
2147483920
2147483920
2147483920
2147483920
2147483920
2147483924
2147483924
2147483928
2147483928
2147483932
2147483932
2147483936
2147483936
2147483932
2147483932
65620
65620
65620
65620
65620
65620
65620
65620
65620
65620
65624
65624
65628
65628
65632
65632
66628
66628
66628
66628
66628
66628
66628
66628
66628
66628
66632
66632
66636
66636
66640
66640
66640
66640
66640
66640
66640
66640
66640
66640
66644
66644
65632
65632
65632
65632
65632
65632
65632
65632
65632
65632
65636
65636
65640
65640
65644
65644
65648
65648
65648
65648
65648
65648
65648
65648
65648
65648
65652
65652
65656
65656
65660
65660
65664
65664
65664
65664
65664
65664
65664
65664
65664
65664
65668
65668
65672
65672
65676
65676
65680
65680
65680
65680
65680
65680
65680
65680
65680
65680
65684
65684
65688
65688
65692
65692
65696
65696
65696
65696
65696
65696
65696
65696
65696
65696
65700
65700
65704
65704
65704
65704
65708
65708
65712
65712
65712
65712
65712
65712
65712
65712
65712
65712
65716
65716
65720
65720
65724
65724
65728
65728
65728
65728
65728
65728
65728
65728
65728
65728
65732
65732
65736
65736
65736
65736
65736
65736
65740
65740
65744
65744
65744
65744
65744
65744
65744
65744
65744
65744
65748
65748
65752
65752
65756
65756
65760
65760
65760
65760
65760
65760
65760
65760
65760
65760
65764
65764
65768
65768
65772
65772
65776
65776
65776
65776
65776
65776
65776
65776
65776
65776
65780
65780
65784
65784
65788
65788
65792
65792
65792
65792
65792
65792
65792
65792
65792
65792
65796
65796
65800
65800
65804
65804
65808
65808
65808
65808
65808
65808
65808
65808
65808
65808
65812
65812
65816
65816
65820
65820
65824
65824
65824
65824
65824
65824
65824
65824
65824
65824
65828
65828
65832
65832
65836
65836
65840
65840
65840
65840
65840
65840
65840
65840
65840
65840
65844
65844
65848
65848
65852
65852
65856
65856
65856
65856
65856
65856
65856
65856
65856
65856
65860
65860
65864
65864
65868
65868
65872
65872
65872
65872
65872
65872
65872
65872
65872
65872
65876
65876
65880
65880
65884
65884
65884
65884
65888
65888
65888
65888
65888
65888
65888
65888
65888
65888
65892
65892
65896
65896
65900
65900
65904
65904
65904
65904
65904
65904
65904
65904
65904
65904
65908
65908
65912
65912
65916
65916
65920
65920
65920
65920
65920
65920
65920
65920
65920
65920
65924
65924
65928
65928
65932
65932
65936
65936
65936
65936
65936
65936
65936
65936
65936
65936
65940
65940
65944
65944
65948
65948
65952
65952
65952
65952
65952
65952
65952
65952
65952
65952
65956
65956
65960
65960
65964
65964
65968
65968
65968
65968
65968
65968
65968
65968
65968
65968
65972
65972
65976
65976
65980
65980
65984
65984
65984
65984
65984
65984
65984
65984
65984
65984
65988
65988
65992
65992
65996
65996
66000
66000
66000
66000
66000
66000
66000
66000
66000
66000
66004
66004
66008
66008
66012
66012
66016
66016
66016
66016
66016
66016
66016
66016
66016
66016
66020
66020
66024
66024
66028
66028
66032
66032
65632
65632
65636
65636
65640
65640
65644
65644
65648
65648
65652
65652
65656
65656
65660
65660
65664
65664
65668
65668
65672
65672
65676
65676
65680
65680
65684
65684
65688
65688
65692
65692
65696
65696

65700
65700

65704
65704
65704
65704
66536
66536
66536
66536
66536
66536
66536
66536
66536
66536
66540
66540
66544
66544
66544
66544
66544
66544
66544
66544
66544
66544
66548
66548
66552
66552
66556
66556
66560
66560
66560
66560
66560
66560
66560
66560
66560
66560
66564
66564
66568
66568
66572
66572
66576
66576
66576
66576
66576
66576
66576
66576
66576
66576
66580
66580
66584
66584
66588
66588
66592
66592
66592
66592
66592
66592
66592
66592
66592
66592
66596
66596
66600
66600
66032
66032
66032
66032
66032
66032
66032
66032
66032
66032
66036
66036
66040
66040
66044
66044
66048
66048
66316
66316
66316
66316
66316
66316
66316
66316
66316
66316
66320
66320
66320
66320
66320
66320
66320
66320
66320
66320
66324
66324
66328
66328
66064
66064
66064
66064
66064
66064
66064
66064
66064
66064
66068
66068
66072
66072
66076
66076
66080
66080
66080
66080
66080
66080
66080
66080
66080
66080
66084
66084
66088
66088
66092
66092
66096
66096
66096
66096
66096
66096
66096
66096
66096
66096
66100
66100
66104
66104
66108
66108
66112
66112
66112
66112
66112
66112
66112
66112
66112
66112
66116
66116
66120
66120
66124
66124
66128
66128
66204
66204
66204
66204
66204
66204
66204
66204
66204
66204
66208
66208
66208
66208
66208
66208
66208
66208
66208
66208
66212
66212
66216
66216
65936
65936
65940
65940
65944
65944
66128
66128
66128
66128
66128
66128
66128
66128
66128
66128
66132
66132
66136
66136
66140
66140
66216
66216
66220
66220
66264
66264
66264
66264
66264
66264
66264
66264
66264
66264
66268
66268
66272
66272
66272
66272
66272
66272
66272
66272
66272
66272
66276
66276
65916
65916
65920
65920
65924
65924
65928
65928
65932
65932
65936
65936
65940
65940
65944
65944
66128
66128
66132
66132
66136
66136
66140
66140
66216
66216
66220
66220
66224
66224
66224
66224
66224
66224
66224
66224
66224
66224
66228
66228
66232
66232
66236
66236
66240
66240
66240
66240
66240
66240
66240
66240
66240
66240
66244
66244
66248
66248
66252
66252
66256
66256
66260
66260
66264
66264
65880
65880
65884
65884
65888
65888
65892
65892
65896
65896
65900
65900
65904
65904
65908
65908
65912
65912
65916
65916
65920
65920
65924
65924
65928
65928
65932
65932
65936
65936
65940
65940
65944
65944
66128
66128
66132
66132
66136
66136
66140
66140
66216
66216
66220
66220
66224
66224
66228
66228
66232
66232
66236
66236
66240
66240
66244
66244
66248
66248
66252
66252
66256
66256
66260
66260
66264
66264
65880
65880
65884
65884
65888
65888
66328
66328
66332
66332
66336
66336
66336
66336
66336
66336
66336
66336
66336
66336
66340
66340
66344
66344
66348
66348
66352
66352
66352
66352
66352
66352
66352
66352
66352
66352
66356
66356
66188
66188
66188
66188
66188
66188
66188
66188
66188
66188
66192
66192
66196
66196
66200
66200
66204
66204
65836
65836
65840
65840
65844
65844
65848
65848
65852
65852
65856
65856
65860
65860
65864
65864
65868
65868
65872
65872
65876
65876
65880
65880
65884
65884
65884
65884
65888
65888
65892
65892
65896
65896
65900
65900
65904
65904
65908
65908
65912
65912
65916
65916
65920
65920
65924
65924
65928
65928
65932
65932
65936
65936
65940
65940
65944
65944
66128
66128
66132
66132
66136
66136
66140
66140
66216
66216
66220
66220
66224
66224
66228
66228
66232
66232
66236
66236
66240
66240
66244
66244
66248
66248
66252
66252
66256
66256
66260
66260
66264
66264
65880
65880
65884
65884
65888
65888
66328
66328
66332
66332
66336
66336
66340
66340
66344
66344
66348
66348
66352
66352
66356
66356
66188
66188
66192
66192
66196
66196
66200
66200
66204
66204
65836
65836
65840
65840
65844
65844
65848
65848
65852
65852
65856
65856
65860
65860
65864
65864
65868
65868
65872
65872
65876
65876
65880
65880
65884
65884
65884
65884
65888
65888
66328
66328
66332
66332
66336
66336
66340
66340
66344
66344
66348
66348
66352
66352
66356
66356
66188
66188
66192
66192
66424
66424
66424
66424
66424
66424
66424
66424
66424
66424
66428
66428
66432
66432
66432
66432
66432
66432
66432
66432
66432
66432
66436
66436
66440
66440
66444
66444
66448
66448
66448
66448
66448
66448
66448
66448
66448
66448
66452
66452
66456
66456
66460
66460
66464
66464
66464
66464
66464
66464
66464
66464
66464
66464
66468
66468
65796
65796
65800
65800
65804
65804
65808
65808
65812
65812
65816
65816
65820
65820
65824
65824
65828
65828
65832
65832
65836
65836
65840
65840
65844
65844
65848
65848
65852
65852
65856
65856
65860
65860
65864
65864
65868
65868
65872
65872
65876
65876
65880
65880
65884
65884
65884
65884
65888
65888
65892
65892
65896
65896
65900
65900
65904
65904
65908
65908
65912
65912
65916
65916
65920
65920
65924
65924
65928
65928
65932
65932
65936
65936
65940
65940
65944
65944
66128
66128
66132
66132
66136
66136
66140
66140
66216
66216
66220
66220
66224
66224
66228
66228
66232
66232
66236
66236
66240
66240
66244
66244
66248
66248
66252
66252
66256
66256
66260
66260
66264
66264
65880
65880
65884
65884
65888
65888
66328
66328
66332
66332
66336
66336
66340
66340
66344
66344
66348
66348
66352
66352
66356
66356
66188
66188
66192
66192
66196
66196
66200
66200
66204
66204
65836
65836
65840
65840
65844
65844
65848
65848
65852
65852
65856
65856
65860
65860
65864
65864
65868
65868
65872
65872
65876
65876
65880
65880
65884
65884
65884
65884
65888
65888
66328
66328
66332
66332
66336
66336
66340
66340
66344
66344
66348
66348
66352
66352
66356
66356
66188
66188
66192
66192
66424
66424
66428
66428
66432
66432
66436
66436
66440
66440
66444
66444
66448
66448
66452
66452
66456
66456
66460
66460
66464
66464
66468
66468
65796
65796
65800
65800
65804
65804
65808
65808
65812
65812
65816
65816
65820
65820
65824
65824
65828
65828
65832
65832
65836
65836
65840
65840
65844
65844
65848
65848
65852
65852
65856
65856
65860
65860
65864
65864
65868
65868
65872
65872
65876
65876
65880
65880
65884
65884
65884
65884
65888
65888
66328
66328
66332
66332
66336
66336
66340
66340
66344
66344
66348
66348
66352
66352
66356
66356
66188
66188
66192
66192
66424
66424
66428
66428
66432
66432
66436
66436
66440
66440
66444
66444
66448
66448
66452
66452
66456
66456
66460
66460
66464
66464
66468
66468
65796
65796
65800
65800
65804
65804
66468
66468
66472
66472
66476
66476
66480
66480
66480
66480
66480
66480
66480
66480
66480
66480
66484
66484
66488
66488
66492
66492
66496
66496
66496
66496
66496
66496
66496
66496
66496
66496
66500
66500
66504
66504
66508
66508
65760
65760
65764
65764
65768
65768
65772
65772
65776
65776
65780
65780
65784
65784
65788
65788
65792
65792
65796
65796
65800
65800
65804
65804
65808
65808
65812
65812
65816
65816
65820
65820
65824
65824
65828
65828
65832
65832
65836
65836
65840
65840
65844
65844
65848
65848
65852
65852
65856
65856
65860
65860
65864
65864
65868
65868
65872
65872
65876
65876
65880
65880
65884
65884
65884
65884
65888
65888
65892
65892
65896
65896
65900
65900
65904
65904
65908
65908
65912
65912
65916
65916
65920
65920
65924
65924
65928
65928
65932
65932
65936
65936
65940
65940
65944
65944
66128
66128
66132
66132
66136
66136
66140
66140
66216
66216
66220
66220
66224
66224
66228
66228
66232
66232
66236
66236
66240
66240
66244
66244
66248
66248
66252
66252
66256
66256
66260
66260
66264
66264
65880
65880
65884
65884
65888
65888
66328
66328
66332
66332
66336
66336
66340
66340
66344
66344
66348
66348
66352
66352
66356
66356
66188
66188
66192
66192
66196
66196
66200
66200
66204
66204
65836
65836
65840
65840
65844
65844
65848
65848
65852
65852
65856
65856
65860
65860
65864
65864
65868
65868
65872
65872
65876
65876
65880
65880
65884
65884
65884
65884
65888
65888
66328
66328
66332
66332
66336
66336
66340
66340
66344
66344
66348
66348
66352
66352
66356
66356
66188
66188
66192
66192
66424
66424
66428
66428
66432
66432
66436
66436
66440
66440
66444
66444
66448
66448
66452
66452
66456
66456
66460
66460
66464
66464
66468
66468
65796
65796
65800
65800
65804
65804
65808
65808
65812
65812
65816
65816
65820
65820
65824
65824
65828
65828
65832
65832
65836
65836
65840
65840
65844
65844
65848
65848
65852
65852
65856
65856
65860
65860
65864
65864
65868
65868
65872
65872
65876
65876
65880
65880
65884
65884
65884
65884
65888
65888
66328
66328
66332
66332
66336
66336
66340
66340
66344
66344
66348
66348
66352
66352
66356
66356
66188
66188
66192
66192
66424
66424
66428
66428
66432
66432
66436
66436
66440
66440
66444
66444
66448
66448
66452
66452
66456
66456
66460
66460
66464
66464
66468
66468
65796
65796
65800
65800
65804
65804
66468
66468
66472
66472
66476
66476
66480
66480
66484
66484
66488
66488
66492
66492
66496
66496
66500
66500
66504
66504
66508
66508
65760
65760
65764
65764
65768
65768
65772
65772
65776
65776
65780
65780
65784
65784
65788
65788
65792
65792
65796
65796
65800
65800
65804
65804
65808
65808
65812
65812
65816
65816
65820
65820
65824
65824
65828
65828
65832
65832
65836
65836
65840
65840
65844
65844
65848
65848
65852
65852
65856
65856
65860
65860
65864
65864
65868
65868
65872
65872
65876
65876
65880
65880
65884
65884
65884
65884
65888
65888
66328
66328
66332
66332
66336
66336
66340
66340
66344
66344
66348
66348
66352
66352
66356
66356
66188
66188
66192
66192
66424
66424
66428
66428
66432
66432
66436
66436
66440
66440
66444
66444
66448
66448
66452
66452
66456
66456
66460
66460
66464
66464
66468
66468
65796
65796
65800
65800
65804
65804
66468
66468
66472
66472
66476
66476
66480
66480
66484
66484
66488
66488
66492
66492
66496
66496
66500
66500
66504
66504
66508
66508
65760
65760
65764
65764
65768
65768
65772
65772
65776
65776
65780
65780
65784
65784
65788
65788
65792
65792
65796
65796
65800
65800
65804
65804
66468
66468
66472
66472
66476
66476
66480
66480
66484
66484
66488
66488
66492
66492
66496
66496
66508
66508
66512
66512
66512
66512
66512
66512
66512
66512
66512
66512
66516
66516
66520
66520
66524
66524
66528
66528
66532
66532
66600
66600
66604
66604
66608
66608
66608
66608
66608
66608
66608
66608
66608
66608
66612
66612
66616
66616
66620
66620
65728
65728
65732
65732
65736
65736
65736
65736
65736
65736
65740
65740
65744
65744
65748
65748
65752
65752
65756
65756
65760
65760
65764
65764
65768
65768
65772
65772
65776
65776
65780
65780
65784
65784
65788
65788
65792
65792
65796
65796
65800
65800
65804
65804
65808
65808
65812
65812
65816
65816
65820
65820
65824
65824
65828
65828
65832
65832
65836
65836
65840
65840
65844
65844
65848
65848
65852
65852
65856
65856
65860
65860
65864
65864
65868
65868
65872
65872
65876
65876
65880
65880
65884
65884
65884
65884
65888
65888
65892
65892
65896
65896
65900
65900
65904
65904
65908
65908
65912
65912
65916
65916
65920
65920
65924
65924
65928
65928
65932
65932
65936
65936
65940
65940
65944
65944
66128
66128
66132
66132
66136
66136
66140
66140
66216
66216
66220
66220
66224
66224
66228
66228
66232
66232
66236
66236
66240
66240
66244
66244
66248
66248
66252
66252
66256
66256
66260
66260
66264
66264
65880
65880
65884
65884
65888
65888
66328
66328
66332
66332
66336
66336
66340
66340
66344
66344
66348
66348
66352
66352
66356
66356
66188
66188
66192
66192
66196
66196
66200
66200
66204
66204
65836
65836
65840
65840
65844
65844
65848
65848
65852
65852
65856
65856
65860
65860
65864
65864
65868
65868
65872
65872
65876
65876
65880
65880
65884
65884
65884
65884
65888
65888
66328
66328
66332
66332
66336
66336
66340
66340
66344
66344
66348
66348
66352
66352
66356
66356
66188
66188
66192
66192
66424
66424
66428
66428
66432
66432
66436
66436
66440
66440
66444
66444
66448
66448
66452
66452
66456
66456
66460
66460
66464
66464
66468
66468
65796
65796
65800
65800
65804
65804
65808
65808
65812
65812
65816
65816
65820
65820
65824
65824
65828
65828
65832
65832
65836
65836
65840
65840
65844
65844
65848
65848
65852
65852
65856
65856
65860
65860
65864
65864
65868
65868
65872
65872
65876
65876
65880
65880
65884
65884
65884
65884
65888
65888
66328
66328
66332
66332
66336
66336
66340
66340
66344
66344
66348
66348
66352
66352
66356
66356
66188
66188
66192
66192
66424
66424
66428
66428
66432
66432
66436
66436
66440
66440
66444
66444
66448
66448
66452
66452
66456
66456
66460
66460
66464
66464
66468
66468
65796
65796
65800
65800
65804
65804
66468
66468
66472
66472
66476
66476
66480
66480
66484
66484
66488
66488
66492
66492
66496
66496
66500
66500
66504
66504
66508
66508
65760
65760
65764
65764
65768
65768
65772
65772
65776
65776
65780
65780
65784
65784
65788
65788
65792
65792
65796
65796
65800
65800
65804
65804
65808
65808
65812
65812
65816
65816
65820
65820
65824
65824
65828
65828
65832
65832
65836
65836
65840
65840
65844
65844
65848
65848
65852
65852
65856
65856
65860
65860
65864
65864
65868
65868
65872
65872
65876
65876
65880
65880
65884
65884
65884
65884
65888
65888
66328
66328
66332
66332
66336
66336
66340
66340
66344
66344
66348
66348
66352
66352
66356
66356
66188
66188
66192
66192
66424
66424
66428
66428
66432
66432
66436
66436
66440
66440
66444
66444
66448
66448
66452
66452
66456
66456
66460
66460
66464
66464
66468
66468
65796
65796
65800
65800
65804
65804
66468
66468
66472
66472
66476
66476
66480
66480
66484
66484
66488
66488
66492
66492
66496
66496
66500
66500
66504
66504
66508
66508
65760
65760
65764
65764
65768
65768
65772
65772
65776
65776
65780
65780
65784
65784
65788
65788
65792
65792
65796
65796
65800
65800
65804
65804
66468
66468
66472
66472
66476
66476
66480
66480
66484
66484
66488
66488
66492
66492
66496
66496
66508
66508
66512
66512
66516
66516
66520
66520
66524
66524
66528
66528
66532
66532
66600
66600
66604
66604
66608
66608
66612
66612
66616
66616
66620
66620
65728
65728
65732
65732
65736
65736
65736
65736
65736
65736
65740
65740
65744
65744
65748
65748
65752
65752
65756
65756
65760
65760
65764
65764
65768
65768
65772
65772
65776
65776
65780
65780
65784
65784
65788
65788
65792
65792
65796
65796
65800
65800
65804
65804
65808
65808
65812
65812
65816
65816
65820
65820
65824
65824
65828
65828
65832
65832
65836
65836
65840
65840
65844
65844
65848
65848
65852
65852
65856
65856
65860
65860
65864
65864
65868
65868
65872
65872
65876
65876
65880
65880
65884
65884
65884
65884
65888
65888
66328
66328
66332
66332
66336
66336
66340
66340
66344
66344
66348
66348
66352
66352
66356
66356
66188
66188
66192
66192
66424
66424
66428
66428
66432
66432
66436
66436
66440
66440
66444
66444
66448
66448
66452
66452
66456
66456
66460
66460
66464
66464
66468
66468
65796
65796
65800
65800
65804
65804
66468
66468
66472
66472
66476
66476
66480
66480
66484
66484
66488
66488
66492
66492
66496
66496
66500
66500
66504
66504
66508
66508
65760
65760
65764
65764
65768
65768
65772
65772
65776
65776
65780
65780
65784
65784
65788
65788
65792
65792
65796
65796
65800
65800
65804
65804
66468
66468
66472
66472
66476
66476
66480
66480
66484
66484
66488
66488
66492
66492
66496
66496
66508
66508
66512
66512
66516
66516
66520
66520
66524
66524
66528
66528
66532
66532
66600
66600
66604
66604
66608
66608
66612
66612
66616
66616
66620
66620
65728
65728
65732
65732
65736
65736
65736
65736
65736
65736
65740
65740
65744
65744
65748
65748
65752
65752
65756
65756
65760
65760
65764
65764
65768
65768
65772
65772
65776
65776
65780
65780
65784
65784
65788
65788
65792
65792
65796
65796
65800
65800
65804
65804
66468
66468
66472
66472
66476
66476
66480
66480
66484
66484
66488
66488
66492
66492
66496
66496
66508
66508
66512
66512
66516
66516
66520
66520
66524
66524
66528
66528
66532
66532
66600
66600
66604
66604
66608
66608
66612
66612
66616
66616
66620
66620
65728
65728
65732
65732
65736
65736
65736
65736
65736
65736
65740
65740
66532
66532
66536
66536
66540
66540
66544
66544
66548
66548
66552
66552
66556
66556
66560
66560
66564
66564
66568
66568
66572
66572
66576
66576
66580
66580
66584
66584
66588
66588
66592
66592
66596
66596
66600
66600
66644
66644
66648
66648
66652
66652
66652
66652
66672
66672
66672
66672
66672
66672
66672
66672
66672
66672
66676
66676
4
